time,x,y,z,phi,theta,psi,x_velocity,y_velocity,z_velocity,phi_velocity,theta_velocity,psi_velocity,rotor_speed1,rotor_speed2,rotor_speed3,rotor_speed4
0.06,4.0027850310831556e-08,1.7112823051618577e-08,7.001884339505588,2.2794391453473395e-05,6.283123222185257,0.0,4.248130025285669e-06,1.680526575541784e-06,0.06280934211208612,0.0011291593142225824,-0.0031891763792660987,0.0,424.8077093318314,424.5342268126857,425.15384104030767,425.25054874219023
0.12000000000000001,7.633261677899907e-07,7.578088008790261e-07,7.006703197158005,6.2829121149879725,0.0007447774611817337,0.0,-1.964336855855481e-05,1.631236993608063e-05,0.09781652434639694,-0.021220766352524255,0.034735686582118674,0.0,414.4414434031538,417.76089540700616,416.42583117141527,414.4665824222452
0.18,-2.6716102213692625e-05,-1.016980051967253e-05,7.0181499726150856,6.281518953733205,0.0024269388757769406,0.0,-0.001118600760570874,-0.000533133998576876,0.2837137397967963,-0.027549865717935145,0.009208930469992346,0.0,464.78587197419654,462.78145259946086,463.2159278617154,462.7180044274601
0.23999999999999996,-0.00016030384165928254,-9.277753690896506e-05,7.043785941292322,6.280564421496077,0.003004559383495753,0.0,-0.0034073828296700393,-0.0023807344706388463,0.5707189602700677,0.0007146116181103966,0.010450333635145624,0.0,492.7237582906421,492.81537779589434,491.7836866538143,493.872513597236
0.3,-0.0004179510891918627,-0.00027944152403564903,7.07731944089233,6.281077975218139,0.003975552479222877,0.0,-0.005249397845950434,-0.0038153111122395354,0.5470760557753449,0.020865050399932195,0.02570837810716533,0.0,394.92728718957153,396.33188952976985,395.59800447563816,397.44879168276407
0.36000000000000004,-0.0008360067793411513,-0.0005518158046995175,7.116690874024043,0.00022432084558587917,0.0054563054896208385,0.0,-0.008866010160355308,-0.005033263036487233,0.7651838158986293,0.061253403934603094,0.02253736010691658,0.0,473.7666074626009,473.52281966098724,471.2710478971322,474.3826535534772
0.4200000000000001,-0.0015114003014254822,-0.0008310291053512593,7.170070753186714,0.003952445643378155,0.00684979389126017,0.0,-0.013816357076483671,-0.0038148512720787868,1.0139565720038886,0.0638427718288493,0.02456528243965548,0.0,482.8777617419865,483.0306984676688,481.8001358098324,481.9982898598642
0.48000000000000015,-0.0025028637806789058,-0.0009537960110578798,7.235999148464624,0.007352517594257257,0.007791551035237987,0.0,-0.019381768747773524,0.0001352283799194885,1.183493044504004,0.03574751424410824,-0.015258856814054594,0.0,460.1827965679183,457.0199332717417,461.47112288985477,459.2502384050753
0.5400000000000001,-0.003845960588424347,-0.0007625269426517748,7.31296368174112,0.009651756686897883,0.007054395357453558,0.0,-0.02529085101731153,0.00649819756183315,1.3817715033283569,0.04302445837776786,-0.006919672149043618,0.0,467.9393666895486,468.5881338505767,468.34445072193483,468.91065791159514
0.6000000000000002,-0.00551886681388837,-0.00014672917606188123,7.40050143949046,0.012353336231935685,0.006475087993827344,0.0,-0.03041738151874345,0.014317334334833893,1.5359564900224516,0.04875520997147365,-0.015780318918787742,0.0,456.21391349223467,455.5060672018715,455.22850227721796,455.68790645422445
0.6600000000000003,-0.0074765296595268385,0.0009853337925436595,7.496061664600016,0.016229333105910015,0.005283267862733254,0.0,-0.03472759775364529,0.023781118083435877,1.6492232444751613,0.08520618643526094,-0.029627385646893812,0.0,443.85318370099776,442.7154045956448,442.08264352409986,445.07849826292113
0.7200000000000003,-0.009665408881483076,0.0027774003911024076,7.598602079047913,0.021593641085466686,0.003379488523936658,0.0,-0.03804157603557594,0.036501849259088816,1.7686041784222544,0.09669727699871364,-0.0363049226985014,0.0,445.50836551827103,444.96171758360043,445.6964964343699,446.64118229059375
0.7800000000000004,-0.012017693914155598,0.005499461978354979,7.7105220717773175,0.027445064877785086,0.0009904400864328977,0.0,-0.04010395562713975,0.05490107085671141,1.9617355774511096,0.09912621898659289,-0.047975569093748095,0.0,468.7583823787785,467.8499028611371,468.70319440261994,468.89951585249327
0.8400000000000004,-0.014434032663257669,0.009416685122583045,7.832392882641477,0.03337706261265261,6.2813487066591325,0.0,-0.04013333140127836,0.07630575359121687,2.100360831724891,0.09834274541748839,-0.045454409885708945,0.0,452.5462950759842,452.7478832588327,452.93805104635874,452.88324438909535
0.9000000000000005,-0.016800824517099834,0.014607002161640105,7.958505657900658,0.03902378391929773,6.2789390952430715,0.0,-0.038536042597611106,0.09721208050302406,2.103373021425808,0.08392564481764794,-0.03125463875855846,0.0,409.14972590790586,410.41090610972986,409.98278688852713,408.70813332427997
0.9600000000000005,-0.019001674630769738,0.021408623874258643,8.091288938105263,0.04375306362183995,6.277082848292363,0.0,-0.03460432431341126,0.130078718853861,2.3222908569523817,0.06591739254235388,-0.030310608959822738,0.0,478.295356894079,478.36699242702406,477.24360479195957,475.8715885627488
1.0200000000000005,-0.02094992701419449,0.030098920987755653,8.232830015827105,0.048728119526525226,6.2750901093946325,0.0,-0.03015214601177757,0.1600406373374701,2.395569787185867,0.10449825500511395,-0.03975823548599685,0.0,434.1842932106571,433.3904814464041,432.2618898385024,435.50610317639655
1.0800000000000005,-0.02255502449778791,0.04089921323983779,8.38290095751416,0.05475224183238847,6.273335656087948,0.0,-0.023116361716189186,0.20067514782566695,2.606295266129372,0.09060946055810785,-0.013817142376194205,0.0,475.0888091765485,477.07327356081,477.1311719911353,476.07756817502457
1.1400000000000006,-0.02372584496565886,0.05414557105367835,8.543229092771572,0.05999075079282967,6.272732482872719,0.0,-0.015838517027024844,0.24142232809536748,2.737631741134146,0.07972403616638708,-0.0034244332055673216,0.0,453.23325443369686,454.06786149188804,453.88507616108444,453.0167436671829
1.2000000000000006,-0.02448598689778025,0.069735458653615,8.707956384176445,0.06455341023484706,6.272829376707623,0.0,-0.009496415938059687,0.278656505556465,2.7532081066536813,0.06743021479235972,0.01015703299997418,0.0,416.2359500020347,417.42282373907295,418.0451301413743,416.97743995736175
1.2600000000000007,-0.024831635308798516,0.08788244315554089,8.877328631098056,0.06855690265498815,6.273069087705142,0.0,-0.0020792238994448787,0.3266525709979686,2.8921553803377638,0.06527624691892546,-0.012672681909192282,0.0,457.6661812418252,455.84547273326496,456.8516032032292,456.6830151351612
1.3200000000000007,-0.024704420035996544,0.10918409548144763,9.05771596062041,0.07356215827015244,6.2723725890734805,0.0,0.006401726066314959,0.3839147805610042,3.1201100553286625,0.10592474482002612,-0.00956030242856517,0.0,483.400109886726,483.63472033469805,482.9316420547512,485.9925116019107
1.3800000000000008,-0.024044332614928474,0.13411001381221127,9.252525263211417,0.0803403620608254,6.272210969148606,0.0,0.015635878139924803,0.447714420851742,3.3727437317546336,0.12425096197862151,0.008363257409418616,0.0,491.96051676024797,493.2859202784398,491.4351008074965,492.80144923546555
1.4400000000000008,-0.02289908742328592,0.16252697483011735,9.456219847979279,0.08804968750973874,6.272935850332882,0.0,0.02247890499940447,0.5002155289140822,3.4168690942236557,0.1358374929556906,0.018637739993636798,0.0,430.2862976337787,431.15515545125356,430.32920510026594,431.3244735641726
1.5000000000000009,-0.0213297691812592,0.19450206595706024,9.665441073409793,0.09640430102471687,6.273857469172238,0.0,0.02971571256993017,0.5664695082643827,3.556643616050608,0.14530199506741845,0.007832859152214721,0.0,462.40854715364856,461.55646324890256,460.2022778591461,460.96802293158333
1.560000000000001,-0.019332502042558427,0.23075923777871865,9.884266151528657,0.1058667028343816,6.274362575840854,0.0,0.03679847960240291,0.6430843935322808,3.7368195216045206,0.17509410910331483,0.00956464888127285,0.0,474.2808763538611,474.4137475246333,473.4957440552111,475.80338327825774
1.620000000000001,-0.01694709261445339,0.2715340751912147,10.111070996714558,0.11660976465585371,6.275023406469943,0.0,0.04265014988590895,0.7171024301538531,3.8229059660205755,0.18596854545982663,0.013765184764741032,0.0,447.20250011314585,447.54441954869264,446.79764533207646,447.7139906091604
1.680000000000001,-0.014233701610623352,0.31683846004304134,10.341918434626082,0.12795090059530878,6.2755872094189,0.0,0.047726665210115204,0.7940788965003995,3.8716749737401033,0.1945035854744569,-0.001208882119711427,0.0,436.7954569462477,435.5447051787946,436.23681578227115,436.98432352548053
1.740000000000001,-0.011217591741938064,0.36708115691304516,10.576438099376452,0.14018524129369947,6.275589248551867,0.0,0.052811346176286224,0.881810925036653,3.945187956725797,0.21805910905984477,0.002410751864594496,0.0,444.79860983136206,445.09496237687677,444.1670073414373,446.1348284386669
1.8000000000000012,-0.007901880098822974,0.4227455683487158,10.814715594244113,0.1530262371662765,6.275656427581884,0.0,0.057700196131910374,0.9748614129980506,3.99697468129051,0.20439136100295144,-0.0015965967288726246,0.0,439.18256186400265,438.85000806709576,439.8021568201922,438.71420337264186
1.8600000000000012,-0.004278122500781036,0.4845549087988436,11.058099241890057,0.16565228651531338,6.275860765691842,0.0,0.06308052845810837,1.0866706598976779,4.115110269832625,0.22037251137969244,0.011894057843888896,0.0,460.92886161850043,461.99381713901647,459.6907235626473,460.9970614546825
1.9200000000000013,-0.0003560213994941522,0.5529414561299743,11.306161508251632,0.1791116220990121,6.276448483994546,0.0,0.0675928179921434,1.194075292106625,4.153196268166694,0.23122625976899147,0.00522740442633894,0.0,436.81288023797407,436.2564073331997,437.30127428217276,438.25508939061274
1.9800000000000013,0.0038485526435883435,0.6286187905652306,11.559692949794629,0.19272782493443952,6.277029104487404,0.0,0.0725045349814853,1.3298675279893295,4.296930076181455,0.2165915930437344,0.017351403591720237,0.0,469.06245352183134,470.00300542349447,473.3900803250579,472.31009025299574
2.0400000000000014,0.008314873866302502,0.7122054970591924,11.819101025769934,0.2055516776628874,6.27875686803257,0.0,0.07623045156713149,1.457508176717903,4.349444095705084,0.2073014461677632,0.04521353940081544,0.0,443.8434272956516,446.1247052792502,444.83636487750914,444.119889618083
2.1000000000000014,0.012971761526265974,0.8040335591753406,12.083226459334098,0.21789614522926648,6.28095436493612,0.0,0.07872681425079417,1.604568851016215,4.453920512902973,0.202428234927971,0.007767772893967528,0.0,464.1831649122108,461.23541915303554,462.1062167679514,461.7616956491911
2.1600000000000015,0.017737834387509064,0.9046311375808438,12.352195607904223,0.22994296949139237,6.281081527854813,0.0,0.08010887543353168,1.7497370997329795,4.5110767204422055,0.19726874323261856,-0.012653496220280825,0.0,450.2796000128179,448.6243066051448,449.096428618546,448.7167343193696
2.2200000000000015,0.0225895138588815,1.0142365177199346,12.624831908394405,0.2422965194313509,6.2801460626413075,0.0,0.08169633136009462,1.9048242021216575,4.576082645289904,0.21913158049927145,-0.022230257647303506,0.0,453.6264622802204,452.85678289202906,452.01640297280574,453.8152525286632
2.2800000000000016,0.027555780155059696,1.1332940034813481,12.900929667007746,0.2553010641255016,6.278295229735113,0.0,0.08398837069721203,2.064870031257738,4.626459774172799,0.21148636559912468,-0.059902117988609796,0.0,451.83157666817306,448.7831731452637,449.9846186648227,449.4110093485898
2.3400000000000016,0.03270016327153977,1.2619824359262104,13.179174125766066,0.26813067579316296,6.274359229345539,0.0,0.08783795086528726,2.2257864563755123,4.647746054775123,0.21813180035824634,-0.08053729210548428,0.0,442.9074419221134,441.20340769230575,441.92182203248734,442.5146220319872
2.4000000000000017,0.03815348407700978,1.400536819205264,13.458566263926766,0.2808998326510448,6.2690264576491295,0.0,0.09439960354148454,2.3937325504409084,4.664689143521276,0.19924393864488796,-0.11606543593046725,0.0,443.74037215126674,440.80640755107686,442.67132737856434,441.15872449353634
2.4600000000000017,0.044098109594288296,1.5492112116501122,13.73830122015984,0.2931143949632746,6.26280297122986,0.0,0.10433720750947734,2.5630126359511727,4.6592689457016725,0.2110626596359158,-0.08639599348255947,0.0,434.42883550844584,436.89975540619855,435.97949393802844,437.00729747814944
2.520000000000002,0.05081769661469862,1.709208686512654,14.020799262842841,0.306259660203712,6.257412275008852,0.0,0.12019181135208633,2.7712750667721373,4.75619177788467,0.2315983542314399,-0.09782617807509558,0.0,470.8302587458123,469.93865157297495,469.5947494542401,471.229284197589
2.580000000000002,0.058557110928802905,1.8814069187585352,14.307272480221854,0.3207417723261905,6.25202945600784,0.0,0.13831635665113626,2.9697678900053988,4.791988731703378,0.25593862864166567,-0.07708386045574528,0.0,453.0597519969449,454.7179117785607,452.00105743160657,454.0148372357019
2.640000000000002,0.0674456723378602,2.0653853754758287,14.594629012248966,0.3363083281946375,6.247882371181886,0.0,0.15835247778922373,3.1640076843322653,4.785767729352335,0.26565020296699215,-0.05666738982478142,0.0,440.4684485095074,442.15013103038393,441.6594818395889,442.52779079367747
2.700000000000002,0.07761710371558264,2.2613680531561116,14.881768052681874,0.3527932338412647,6.245550612538478,0.0,0.18093092657831839,3.3699534870984094,4.784624002911267,0.2885420766479738,-0.01662354995591845,0.0,443.1519544562628,446.430812254543,444.75898166642065,446.705404804753
2.760000000000002,0.08933986710998491,2.4714627056619634,15.17269836449708,0.36970902271671413,6.244636688051283,0.0,0.20989026157381396,3.6345386316561212,4.9112749615440725,0.2635333204899738,-0.012585129726860801,0.0,487.76146815389086,488.0631404916569,489.65524130836314,487.86282262062605
2.820000000000002,0.10272604820373434,2.6968974797938845,15.468848831653144,0.3858424828713698,6.244447038922074,0.0,0.2363262159674097,3.8810804820625444,4.959063543306779,0.27787125538981294,0.011038101699862302,0.0,466.6856026694981,468.52625397880917,466.18534040039265,467.37334160310525
2.880000000000002,0.11786176555197539,2.9390318536690225,15.77168154044392,0.402808882948384,6.244719674509756,0.0,0.26806993535092966,4.1912547766667725,5.133072728239777,0.2910982351410135,-0.013437615262215047,0.0,510.80386502542075,509.05512187721064,508.28285141980626,509.29970282141755
2.940000000000002,0.13463767490316067,3.1974515764058564,16.078517621809596,0.420081615549587,6.244147284778517,0.0,0.291167427971557,4.423868587632964,5.093767954667976,0.28052618713598004,-0.00270425562149028,0.0,446.2163728150689,447.0920462115682,445.79956457956007,445.018492358832
3.000000000000002,0.15260673247203574,3.4679811744441245,16.37819191372863,0.43695467888233086,6.243844368957534,0.0,0.3078318822508644,4.594840881102567,4.895378186710098,0.2825629311599338,-0.010206506402675342,0.0,389.69534665992484,388.993318095328,390.2329556222962,390.5151831308187
3.0600000000000023,0.1718280776833439,3.7516176732591022,16.671557271580188,0.45403179305634733,6.2430507614425,0.0,0.33291344436269527,4.8607183838259225,4.882135069855107,0.2884331189745218,-0.020079496978062415,0.0,458.2149395023884,457.42933224549415,457.6391806921825,458.18573465589304
3.1200000000000023,0.19257834013907885,4.051555552739055,16.96415281290824,0.4711614516319145,6.241629361839408,0.0,0.3588493059312128,5.138176327539969,4.86960816123738,0.2788702368639493,-0.03211767776606078,0.0,461.2912703469653,460.33939226019083,461.985623172203,461.31008426519713
3.1800000000000024,0.21481568047648766,4.367335265677258,17.253770122003356,0.4876176645931798,6.239817932106821,0.0,0.3825306168854859,5.388704620102273,4.78333095703751,0.2629947859223109,-0.02659129270976832,0.0,439.3150392726624,439.7728418276619,438.48658144997097,437.2424273798877
3.2400000000000024,0.23854337644812265,4.698801525200573,17.538919979503344,0.50345264354804,6.238801227047103,0.0,0.4084723514133425,5.660928946004703,4.720496236654736,0.265694565117941,-0.0024931543274760715,0.0,448.164814152921,450.11975476542875,449.6363747762543,449.9243425356768
3.3000000000000025,0.2640381932143011,5.048967528304048,17.82405518133432,0.5197882532369871,6.23851151879995,0.0,0.44130424191077333,6.011868863347353,4.781816726147584,0.28289830730463195,-0.00996456697033163,0.0,494.4553042340248,493.9045401231366,494.28932866459667,495.62193326197075
3.3600000000000025,0.2913509197324954,5.418695872967209,18.109616707033933,0.5368678213291833,6.237590727792963,0.0,0.46914034980132,6.313104238177641,4.735350235314945,0.2879600314582306,-0.02918987957567278,0.0,463.6031975344555,462.08980484035453,463.0547008676043,463.5313046359986
3.4200000000000026,0.32039241102951843,5.807163707053033,18.392953746847763,0.5544217813774601,6.235559988971097,0.0,0.49902906956257737,6.636437728961419,4.707383217058735,0.30045581612370437,-0.04532422312662028,0.0,473.748938297861,472.50596023519535,472.94896343956117,473.9915875813778
3.4800000000000026,0.35113700932033526,6.213834084913535,18.672119321406182,0.572930112205202,6.233161812433135,0.0,0.5259622804246474,6.919945239752021,4.596809731060074,0.3209638376143744,-0.03097804838627951,0.0,447.973723505335,449.13826330634237,446.6212277048199,448.3867487637177
3.5400000000000027,0.3837655907432718,6.640237463685755,18.94834122920034,0.5927336800376128,6.231224180400318,0.0,0.561758522305266,7.294015392971641,4.608010584569874,0.3438446936379669,-0.03506412743819423,0.0,495.1409214435583,494.8398704823319,493.8544016347409,495.6381940603117
3.6000000000000028,0.41845740528768777,7.088054402863104,19.223033816944984,0.6137928403666102,6.229360040449631,0.0,0.5947385625055571,7.633814745112919,4.546219030392757,0.36237100930009986,-0.0240846518254892,0.0,475.3867573996093,476.2272935690258,474.2913757560793,475.8298682433214
3.660000000000003,0.45500006342125404,7.554840479230527,19.491402761889653,0.6362566193151133,6.228225660653354,0.0,0.6233974495251929,7.926442093236004,4.397795928043319,0.3913744476033521,-0.010165054760906327,0.0,448.0780714817816,449.2086658897313,447.26443573381266,449.7625556009975
3.720000000000003,0.4930653831003224,8.03714943543898,19.747603300838197,0.659480991619299,6.228157421587744,0.0,0.6454547068201609,8.151414493368073,4.1414526850153,0.3767107174104015,0.012600127737906783,0.0,407.27148634464606,409.3034062503141,409.90433896525076,408.7676702885924
3.780000000000003,0.5324289715060949,8.532892756750586,19.987965186252914,0.6820640224035079,6.2290970325693475,0.0,0.666607893524387,8.374166780717106,3.8699343412938894,0.37572414690204625,0.021168230768645963,0.0,404.08176315040964,404.8536631629346,404.3054247164689,404.37842195864414
3.840000000000003,0.5731154705926675,9.042955781692788,20.21286934692254,0.7042351068853305,6.230762477325788,0.0,0.6894852645254147,8.628563499642482,3.6258289888411883,0.352760422594262,0.03844627157073176,0.0,417.4640380534302,418.96978847309373,420.0964224258377,418.24896006857705
3.900000000000003,0.6155229693190971,9.573121476348053,20.428434570233208,0.7254828684565586,6.233120540207041,0.0,0.7237451092304101,9.043529601157001,3.556836352179683,0.35672795354425274,0.04095762457766777,0.0,493.67716828034577,493.8630975315132,492.1917769495656,492.6011603613622
3.960000000000003,0.6595632993371776,10.123448137914293,20.63401591101105,0.74703310047353,6.235427790000005,0.0,0.7440868018426995,9.30112308903401,3.29485712772524,0.3636428541921829,0.03290872222575989,0.0,421.3357405770764,420.639807071391,420.31360805023064,421.0535298853617
4.020000000000002,0.7048936090539062,10.690804385754197,20.82526649584114,0.7688779096422769,6.237302850636855,0.0,0.7667242698558027,9.6108895212176,3.078516279811617,0.36493804137440333,0.027711104576923162,0.0,445.31054397132834,444.8853401430425,443.6888843720258,443.9322410711966
4.080000000000001,0.7514731941361167,11.275690696070045,21.00209816041725,0.791081314056906,6.238670030361025,0.0,0.7857882390468615,9.885524194500368,2.8146046154601354,0.3786889644496776,0.010457190776149925,0.0,427.63006018145154,426.1572218141438,428.31523260920363,429.629883492249
4.14,0.7993455116919747,11.879866787139113,21.16555450951395,0.8135325346096138,6.239136401742501,0.0,0.8098195128320018,10.253355783996753,2.6315764538632536,0.36322325558666263,0.0017760004218518332,0.0,468.7659065528884,468.0904552808194,469.05797723952924,467.99147158221916
4.199999999999998,0.8486573968090985,12.506411289242566,21.317910509220827,0.8353860031817284,6.239714307144489,0.0,0.8337817702448621,10.63091195694086,2.4445513095136726,0.3661494053172712,0.021951467119345987,0.0,473.2245930872346,474.775580537974,473.0057698478626,473.3591858236587
4.259999999999997,0.8993226298592694,13.154603804647545,21.45776351980072,0.8577006868883252,6.2414061408934725,0.0,0.8548615077510371,10.975012319318456,2.215132646999648,0.38145127654772926,0.0384254896586497,0.0,460.3593945198744,461.661811052007,461.6865025576817,463.0291540150983
4.319999999999996,0.9511966482379658,13.823134996357117,21.583252548249966,0.880978978708221,6.243199808017749,0.0,0.8740363547768327,11.308817926878064,1.9657615744292083,0.39854012553273677,0.0014306538159211887,0.0,459.7699765502224,456.82846223168775,458.92239295635704,460.4270416324586
4.379999999999995,1.0042019451756203,14.511904651453603,21.69362230272119,0.9046670608480545,6.243103995259734,0.0,0.8927195782248292,11.64944377308513,1.710990263183652,0.38605296708351383,-0.00846915949325875,0.0,463.45753083334506,462.67845794822426,463.918681221024,463.0911664259315
4.439999999999993,1.058293654125488,15.220565090971489,21.78795689690149,0.9278947487083009,6.242387611654568,0.0,0.9102954673777621,11.97178373246695,1.431491751579063,0.3891894440450516,-0.019986064887112,0.0,458.96877960719985,458.0534992698074,457.8450736178609,458.24497810388664
4.499999999999992,1.1134313689444357,15.94835343088462,21.865083261204994,0.9517607983223275,6.241873837206418,0.0,0.9275934352129838,12.286935953438935,1.1373921538890535,0.41093354175024804,0.007833820501728348,0.0,456.43638210756313,458.65236531602227,456.92905187423554,458.8178043838191
4.559999999999991,1.1695757521395072,16.69453412474721,21.92392235079649,0.9760546209680756,6.242214805470008,0.0,0.9437749640064166,12.58483125725066,0.8219920596340644,0.38878954359722817,0.0009902917703611069,0.0,454.2901676809499,453.7407241801903,453.93313835442774,452.31779831064847
4.6199999999999894,1.226693381176568,17.458865176965585,21.963778422237354,0.9992797808862077,6.242761907602969,0.0,0.9600328475835959,12.891707008696393,0.5046393775564492,0.3834535954383585,0.021774859498865203,0.0,458.3841254300635,460.03361818002844,459.74544975518063,459.4720687184507
4.679999999999988,1.2847107106492874,18.240368111380107,21.983578703069252,1.021840034637668,6.244565207681893,0.0,0.9737164530672161,13.157380263966559,0.1538921805690382,0.35388213947310365,0.042895588027796513,0.0,446.60925409323056,448.32980739883124,448.03407889568604,445.76590375530037
4.739999999999987,1.3437104521290826,19.042044212307395,21.984745275092205,1.042961812807972,6.247530590162462,0.0,0.9925888424024627,13.562858798690687,-0.11762971568237125,0.3480533208776179,0.06002811359008732,0.0,497.6279650674575,498.882295742321,499.22307859294216,498.9101247788406
4.799999999999986,1.4035615951678801,19.862489299864738,21.966159888472266,1.0642465363674418,6.250922289256501,0.0,1.0022339152646786,13.784368566487066,-0.502845512866658,0.36554428902744507,0.04840635654209302,0.0,439.85400761092563,438.89210977330566,439.81127971223094,441.3884638959957
4.859999999999984,1.46390612615691,20.69480249081699,21.923589604124412,1.086106459329736,6.253673850256394,0.0,1.0091055689283643,13.958703224446468,-0.9168070080358828,0.36179854788370414,0.04020680547501433,0.0,425.13880215666927,424.43655017997224,425.0121556295247,424.83452005433156
4.919999999999983,1.5246230072476163,21.537055212280684,21.85586003658462,1.1075366859323559,6.255770969756741,0.0,1.014678841730275,14.115700086315584,-1.3413397459541945,0.34581941711355735,0.021541875245991493,0.0,421.01524193350895,419.39674608837197,420.83105576600525,419.58400917561545
4.979999999999982,1.5857817187334258,22.39277603714911,21.76463934229118,1.1277652764195265,6.256574198716862,0.0,1.0238046141266468,14.406289816458656,-1.700903403089948,0.3078486916148381,-0.012684369022048008,0.0,470.0972247359951,467.4360304960277,471.64315332310395,468.8073460373334
5.0399999999999805,1.6474360688423084,23.264423395049604,21.65103972390487,1.1463037292865055,6.255616543714861,0.0,1.0313225296341595,14.646915437309303,-2.08670089180263,0.31112972221286544,-0.023485923994793746,0.0,457.53491118880555,456.6737052436825,457.2329176342319,457.5888138852354
5.099999999999979,1.7094068378262626,24.14580656919018,21.512154247824977,1.1647347482562411,6.2545362144125,0.0,1.0343844461410994,14.732178977095156,-2.5425947987621997,0.2978440801890951,-0.008834309470312714,0.0,404.5790617729887,405.89703576432686,406.1383166399116,405.0501199271723
5.159999999999978,1.7717127757894848,25.037034228182954,21.348010227222016,1.1823494994112949,6.2542732972958675,0.0,1.0424284333357592,14.973419293663524,-2.929762338215969,0.2833145853400936,0.003296814323432439,0.0,460.48546578966216,461.44476457887373,463.31703646448204,462.2562420762925
5.219999999999977,1.8344007747534778,25.939516419492882,21.159325691598514,1.1990117737233703,6.254677295720901,0.0,1.047126889252786,15.108303517138895,-3.3597736193135144,0.2631170644676133,0.01284652552765253,0.0,430.7140611279085,431.5214027901151,429.47413861711294,427.837110543209
5.279999999999975,1.8973264733219009,26.848766767587176,20.944407576311765,1.2146562860953098,6.255904854755702,0.0,1.0503516547993907,15.199416998069722,-3.8038291237316324,0.25552212431027227,0.03247360702869596,0.0,415.4338357815084,417.1525052550164,417.17190562830496,416.58105797603866
5.339999999999974,1.9605600532020102,27.767722965273805,20.70452837300342,1.2300122481933666,6.258170928752952,0.0,1.057269729395615,15.430256131530676,-4.192704860533245,0.25673972488057917,0.04667385944556324,0.0,466.11019358745546,467.21991143526964,465.4182038381129,465.5761129479561
5.399999999999973,2.0241817299685563,28.70039474067945,20.44131745501458,1.2450132343658549,6.26075849652754,0.0,1.0632671198592891,15.656504310317647,-4.581527263685693,0.23114832790154755,0.034872263260825875,0.0,469.79582854288924,468.88019037196227,470.3899250757135,468.4609855915287
5.4599999999999715,2.088045027520407,29.642571776116053,20.153477328839017,1.2590114826606396,6.262941182327822,0.0,1.0654363033502143,15.748515597043973,-5.012730511935056,0.23729296632339172,0.03923078029928703,0.0,429.2183828792513,429.58903182602495,429.54877781241714,430.12607265290274
5.51999999999997,2.152095267928225,30.593553738820958,19.840954579822455,1.2736774248295273,6.2658020635998035,0.0,1.069413595562689,15.948636289805318,-5.404997629564473,0.2558238857240288,0.06072716690235233,0.0,467.42548015726186,469.09999315999033,466.39349207519365,467.89559489353184
5.579999999999969,2.216374806587252,31.557542445684277,19.50527320085599,1.2890624417003842,6.269862897060907,0.0,1.0730057450645916,16.181496367172485,-5.784992923643293,0.2575749631088247,0.07884567036115797,0.0,482.2492908369964,483.61976574867447,482.457294184878,482.6499444211196
5.639999999999968,2.2807688938988733,32.53088269282859,19.145514463844595,1.3045230103516134,6.274418964364836,0.0,1.0733391968864305,16.261971113605885,-6.206705820968203,0.2578772995213733,0.06936699832709024,0.0,439.1595255185172,438.37660523714396,440.8677207078694,440.96006116563143
5.699999999999966,2.3451384232255417,33.506281600791404,18.759826876291072,1.3198868954859186,6.279085001556922,0.0,1.0722672140584395,16.2510773110371,-6.648786036973468,0.2521772494605189,0.09074934841284728,0.0,409.69715092938515,411.6006053434227,411.5557102625778,411.12215488245255
5.759999999999965,2.409442051532454,34.48353348101082,18.348418449798004,1.3350279356484842,0.0017138631470832166,0.0,1.0710575992470663,16.32268823310179,-7.064508773579406,0.25269453425876337,0.10700058924849808,0.0,439.3203302752897,440.67475868043107,440.22133644953414,440.32873505070535
5.819999999999964,2.4736377372079996,35.46779529475447,17.912839367674675,1.3506276973305171,0.008057983531712054,0.0,1.0685781038111668,16.483527983436186,-7.4549863861060235,0.27159439130383384,0.10307888754024949,0.0,472.8211891700717,472.5277854051425,469.8685299331614,471.39580891652093
5.879999999999963,2.5376470108944433,36.46076064719847,17.45369329344296,1.3673682751068812,0.014291909858055618,0.0,1.0648947958327426,16.612931480221217,-7.850046553337072,0.2907513800747584,0.1054888097983357,0.0,466.87113328043125,467.06807796438125,466.643087373422,468.21115031290395
5.939999999999961,2.601443700348242,37.45841408818383,16.97028226435873,1.3847036657664695,0.020699328366805325,0.0,1.0615825332475644,16.640835427368337,-8.263383738666537,0.2850007191366359,0.10927187330099594,0.0,439.4083361707485,439.73220601390483,440.2610753553909,439.8703031963731
5.99999999999996,2.665056615105981,38.45612352412897,16.46188145802528,1.4018251145363072,0.027074894973464936,0.0,1.058814166765233,16.615381287302206,-8.682755156741477,0.28605991531376274,0.09943359747551293,0.0,425.94790024702587,425.1153963837743,424.21914850803904,424.396992802986
6.059999999999959,2.7284797565238246,39.45277908024002,15.928536874374794,1.4190137600306798,0.0329032391159263,0.0,1.0552635469189724,16.60537884033484,-9.094937228132155,0.2872976419543614,0.09210639612974995,0.0,432.24210812485774,431.6320080326049,431.88761742505585,432.07794380051223
6.1199999999999575,2.7916575088256486,40.44943534100881,15.370679235572743,1.4358028616320766,0.03857963573877132,0.0,1.0506417803220633,16.61503762753669,-9.49994762880716,0.2575157504162561,0.09918584127842449,0.0,439.8164344948618,440.4105140349025,442.9665268760986,440.5873081052781
6.179999999999956,2.854607612244174,41.445052368833814,14.78843230664726,1.4511520955208619,0.044291555449356146,0.0,1.0476929421746106,16.571520866001737,-9.90754587707101,0.25220272236835034,0.08572000096475108,0.0,426.70915046320874,425.56513503040964,426.6301062442184,426.24462616564324
6.239999999999955,2.9172670036058577,42.44042981481102,14.182175606094567,1.4660205701043028,0.04892370719492245,0.0,1.040955494364589,16.605946776274493,-10.300553723522734,0.23715168784754645,0.04885791319427499,0.0,454.7385580460698,451.7779036975207,453.9711098113861,452.8208078188987
6.299999999999954,2.9794414336195816,43.43922433597809,13.552614256704,1.479859377291337,0.05195538955382695,0.0,1.0315863389004758,16.684779227715932,-10.6844417509433,0.21267695423471583,0.05367387938515084,0.0,470.0102621621962,470.38510074958145,472.3098378890704,470.4659648305405
6.359999999999952,3.041133362421602,44.44099034439742,12.899997130874295,1.492693769927663,0.05553310732542194,0.0,1.024851858851834,16.705838618273898,-11.0687663860512,0.21625472918095556,0.06945756567914185,0.0,456.37305353933596,457.6344903671739,458.1861788366557,458.5143600835376
6.419999999999951,3.102579397944353,45.44104340405875,12.224260008517435,1.506011298496806,0.05961541187087427,0.0,1.0233751196256837,16.628904705191605,-11.454852502557998,0.23142907225254025,0.06503890790840418,0.0,429.54629548556767,429.174733855783,428.669082269338,430.0080921149271
6.47999999999995,3.163977206112449,46.43583501978832,11.525509706007425,1.5204426783358507,0.0634927646634722,0.0,1.0232580601505663,16.530524078705078,-11.83590506614983,0.254314959108192,0.06377696189479211,0.0,423.4485848242397,423.3431993122885,421.87557776623,423.908981953088
6.5399999999999485,3.2249951854919527,47.430590091039726,10.804357925982293,1.535713205322458,0.06692384409445218,0.0,1.0108049682932443,16.624750609037743,-12.202226860097829,0.2548928116143014,0.03881351471814372,0.0,485.41048210362163,483.5339044579857,485.3167653605438,485.41923119890265
6.599999999999947,3.285566217661351,48.42635436778999,10.061155352295549,1.551284968801724,0.0693081615933826,0.0,1.008328701952198,16.566131403730125,-12.570512967196409,0.26746646950159203,0.04152701433334917,0.0,443.76735471556384,443.99102734777244,444.1784717008836,445.27674801434046
6.659999999999946,3.345983413590098,49.41871708120361,9.295996722261664,1.567747127385977,0.07237834655943409,0.0,1.00569781926596,16.511101886178203,-12.934168943880103,0.28545136418527584,0.06561454814544301,0.0,447.3042513775726,449.2648120956939,447.5225139395026,449.0600982668744
6.719999999999945,3.406230939836701,50.40796795634917,8.509138086232618,1.5850262026740518,0.0765274854849487,0.0,1.0026924074325918,16.462104343554053,-13.293924931367243,0.29261193603719543,0.07542277275658063,0.0,453.44907467862265,454.24047139854565,452.9464886706902,453.60477349388145
6.779999999999943,3.465857975248956,51.39996284686421,7.700695638080456,1.6030876996373484,0.08158932184740397,0.0,0.9851162304877542,16.59960468222275,-13.654108549887555,0.3140016216143918,0.09799196166345805,0.0,511.6970112676825,513.3069919967141,512.1738746062805,513.772296266598
6.839999999999942,3.524894267973724,52.39423858621178,6.870831529921417,1.6216558041035114,0.08747865597290261,0.0,0.9829411649058806,16.54080336504706,-14.007570796250691,0.29840164425186205,0.09848054037502371,0.0,464.0297757069514,464.07596794146235,465.0004880771089,463.86870792009
6.899999999999941,3.583841613193241,53.38452169788478,6.019864024408434,1.6394661564936213,0.09354524835077971,0.0,0.9821520575954379,16.46678692633093,-14.357437344089552,0.2935244008042764,0.10590518217490551,0.0,463.75999186429624,464.3516497014273,463.47856619757266,463.1804625692176
6.95999999999994,3.6428071454229123,54.36970393091843,5.148046805916903,1.6569888883823811,0.09969163766147826,0.0,0.9835497027340353,16.371071524985023,-14.7024862189455,0.28891873093625675,0.0944151655752699,0.0,461.50936717226756,460.609375288874,460.3714766663356,460.09004801044046
7.019999999999938,3.702178601670605,55.346036857207785,4.25591231896626,1.6749907273822755,0.10550489855778444,0.0,0.9956342846330292,16.17327974299577,-15.034540047099876,0.3160663646158133,0.10142019274066949,0.0,430.3470035397908,430.94843631341274,429.7303254854604,432.12093246566
